LowerImageLimit = {
	300, 300, 300, 300, 300, 300, 300, 300, 300, 300, 300, 300, 300, 300, 300, 300, 300, 300, 300, 300, 300, 300, 300, 300, 300, 300, 300, 300, 300, 300, 300, 300,
	300, 300, 300, 300, 300, 300, 300, 300, 300, 300, 300, 300, 300, 300, 300, 300, 300, 300, 300, 300, 300, 300, 300, 300, 300, 300, 300, 300, 300, 300, 300, 300,
	300, 300, 300, 300, 300, 300, 300, 300, 300, 300, 300, 300, 300, 300, 300, 300, 300, 300, 300, 300, 300, 300, 300, 300, 300, 300, 300, 300, 300, 300, 300, 300,
	300, 300, 300, 300, 300, 300, 300, 300, 300, 300, 300, 300, 300, 300, 300, 300, 300, 300, 300, 300, 300, 300, 300, 300, 300, 300, 300, 300, 300, 300, 300, 300,
	300, 300, 300, 300, 300, 300, 300, 300, 300, 300, 300, 300, 300, 300, 300, 300, 300, 300, 300, 300, 300, 300, 300, 300, 300, 300, 300, 300, 300, 300, 300, 300,
	300, 300, 300, 300, 300, 300, 300, 300, 300, 300, 300, 300, 300, 300, 300, 300, 300, 300, 300, 300, 300, 300, 300, 300, 300, 300, 300, 300, 300, 300, 300, 300,
	300, 300, 300, 300, 300, 300, 300, 300, 300, 300, 300, 300, 300, 300, 300, 300, 300, 300, 300, 300, 300, 300, 300, 300, 300, 300, 300, 300, 300, 300, 300, 300,
	300, 300, 300, 300, 300, 300, 300, 300, 300, 300, 300, 300, 300, 300, 300, 300, 300, 300, 300, 300, 300, 300, 300, 300, 300, 300, 300, 300, 300, 300, 300, 300,
	300, 300, 300, 300, 300, 300, 300, 300, 300, 300, 300, 300, 300, 300, 300, 300, 300, 300, 300, 300, 300, 300, 300, 300, 300, 300, 300, 300, 300, 300, 300, 300,
	300, 300, 300, 300, 300, 300, 300, 300, 300, 300, 300, 300, 300, 300, 300, 300, 300, 300, 300, 300, 300, 300, 300, 300, 300, 300, 300, 300, 300, 300, 300, 300,
	300, 300, 300, 300, 300, 300, 300, 300, 300, 300, 300, 300, 300, 300, 300, 300, 300, 300, 300, 300, 300, 300, 300, 300, 300, 300, 300, 300, 300, 300, 300, 300,
	300, 300, 300, 300, 300, 300, 300, 300, 300, 300, 300, 300, 300, 300, 300, 300, 300, 300, 300, 300, 300, 300, 300, 300, 300, 300, 300, 300, 300, 300, 300, 300,
	300, 300, 300, 300, 300, 300, 300, 300, 300, 300, 300, 300, 300, 300, 300, 300, 300, 300, 300, 300, 300, 300, 300, 300, 300, 300, 300, 300, 300, 300, 300, 300,
	300, 300, 300, 300, 300, 300, 300, 300, 300, 300, 300, 300, 300, 300, 300, 300, 300, 300, 300, 300, 300, 300, 300, 300, 300, 300, 300, 300, 300, 300, 300, 300,
	300, 300, 300, 300, 300, 300, 300, 300, 300, 300, 300, 300, 300, 300, 300, 300, 300, 300, 300, 300, 300, 300, 300, 300, 300, 300, 300, 300, 300, 300, 300, 300,
	300, 300, 300, 300, 300, 300, 300, 300, 300, 300, 300, 300, 300, 300, 300, 300, 300, 300, 300, 300, 300, 300, 300, 300, 300, 300, 300, 300, 300, 300, 300, 300,
	300, 300, 300, 300, 300, 300, 300, 300, 300, 300, 300, 300, 300, 300, 300, 300, 300, 300, 300, 300, 300, 300, 300, 300, 300, 300, 300, 300, 300, 300, 300, 300,
	300, 300, 300, 300, 300, 300, 300, 300, 300, 300, 300, 300, 300, 300, 300, 300, 300, 300, 300, 300, 300, 300, 300, 300, 300, 300, 300, 300, 300, 300, 300, 300,
	300, 300, 300, 300, 300, 300, 300, 300, 300, 300, 300, 300, 300, 300, 300, 300, 300, 300, 300, 300, 300, 300, 300, 300, 300, 300, 300, 300, 300, 300, 300, 300,
	300, 300, 300, 300, 300, 300, 300, 300, 300, 300, 300, 300, 300, 300, 300, 300, 300, 300, 300, 300, 300, 300, 300, 300, 300, 300, 300, 300, 300, 300, 300, 300,
	300, 300, 300, 300, 300, 300, 300, 300, 300, 300, 300, 300, 300, 300, 300, 300, 300, 300, 300, 300, 300, 300, 300, 300, 300, 300, 300, 300, 300, 300, 300, 300,
	300, 300, 300, 300, 300, 300, 300, 300, 300, 300, 300, 300, 300, 300, 300, 300, 300, 300, 300, 300, 300, 300, 300, 300, 300, 300, 300, 300, 300, 300, 300, 300,
	300, 300, 300, 300, 300, 300, 300, 300, 300, 300, 300, 300, 300, 300, 300, 300, 300, 300, 300, 300, 300, 300, 300, 300, 300, 300, 300, 300, 300, 300, 300, 300,
	300, 300, 300, 300, 300, 300, 300, 300, 300, 300, 300, 300, 300, 300, 300, 300, 300, 300, 300, 300, 300, 300, 300, 300, 300, 300, 300, 300, 300, 300, 300, 300,
	300, 300, 300, 300, 300, 300, 300, 300, 300, 300, 300, 300, 300, 300, 300, 300, 300, 300, 300, 300, 300, 300, 300, 300, 300, 300, 300, 300, 300, 300, 300, 300,
	300, 300, 300, 300, 300, 300, 300, 300, 300, 300, 300, 300, 300, 300, 300, 300, 300, 300, 300, 300, 300, 300, 300, 300, 300, 300, 300, 300, 300, 300, 300, 300,
	300, 300, 300, 300, 300, 300, 300, 300, 300, 300, 300, 300, 300, 300, 300, 300, 300, 300, 300, 300, 300, 300, 300, 300, 300, 300, 300, 300, 300, 300, 300, 300,
	300, 300, 300, 300, 300, 300, 300, 300, 300, 300, 300, 300, 300, 300, 300, 300, 300, 300, 300, 300, 300, 300, 300, 300, 300, 300, 300, 300, 300, 300, 300, 300,
	300, 300, 300, 300, 300, 300, 300, 300, 300, 300, 300, 300, 300, 300, 300, 300, 300, 300, 300, 300, 300, 300, 300, 300, 300, 300, 300, 300, 300, 300, 300, 300,
	300, 300, 300, 300, 300, 300, 300, 300, 300, 300, 300, 300, 300, 300, 300, 300, 300, 300, 300, 300, 300, 300, 300, 300, 300, 300, 300, 300, 300, 300, 300, 300,
	300, 300, 300, 300, 300, 300, 300, 300, 300, 300, 300, 300, 300, 300, 300, 300, 300, 300, 300, 300, 300, 300, 300, 300, 300, 300, 300, 300, 300, 300, 300, 300,
	300, 300, 300, 300, 300, 300, 300, 300, 300, 300, 300, 300, 300, 300, 300, 300, 300, 300, 300, 300, 300, 300, 300, 300, 300, 300, 300, 300, 300, 300, 300, 300,
}
UpperImageLimit = {
	5500, 5500, 5500, 5500, 5500, 5500, 5500, 5500, 5500, 5500, 5500, 5500, 5500, 5500, 5500, 5500, 5500, 5500, 5500, 5500, 5500, 5500, 5500, 5500, 5500, 5500, 5500, 5500, 5500, 5500, 5500, 5500,
	5500, 5500, 5500, 5500, 5500, 5500, 5500, 5500, 5500, 5500, 5500, 5500, 5500, 5500, 5500, 5500, 5500, 5500, 5500, 5500, 5500, 5500, 5500, 5500, 5500, 5500, 5500, 5500, 5500, 5500, 5500, 5500,
	5500, 5500, 5500, 5500, 5500, 5500, 5500, 5500, 5500, 5500, 5500, 5500, 5500, 5500, 5500, 5500, 5500, 5500, 5500, 5500, 5500, 5500, 5500, 5500, 5500, 5500, 5500, 5500, 5500, 5500, 5500, 5500,
	5500, 5500, 5500, 5500, 5500, 5500, 5500, 5500, 5500, 5500, 5500, 5500, 5500, 5500, 5500, 5500, 5500, 5500, 5500, 5500, 5500, 5500, 5500, 5500, 5500, 5500, 5500, 5500, 5500, 5500, 5500, 5500,
	5500, 5500, 5500, 5500, 5500, 5500, 5500, 5500, 5500, 5500, 5500, 5500, 5500, 5500, 5500, 5500, 5500, 5500, 5500, 5500, 5500, 5500, 5500, 5500, 5500, 5500, 5500, 5500, 5500, 5500, 5500, 5500,
	5500, 5500, 5500, 5500, 5500, 5500, 5500, 5500, 5500, 5500, 5500, 5500, 5500, 5500, 5500, 5500, 5500, 5500, 5500, 5500, 5500, 5500, 5500, 5500, 5500, 5500, 5500, 5500, 5500, 5500, 5500, 5500,
	5500, 5500, 5500, 5500, 5500, 5500, 5500, 5500, 5500, 5500, 5500, 5500, 5500, 5500, 5500, 5500, 5500, 5500, 5500, 5500, 5500, 5500, 5500, 5500, 5500, 5500, 5500, 5500, 5500, 5500, 5500, 5500,
	5500, 5500, 5500, 5500, 5500, 5500, 5500, 5500, 5500, 5500, 5500, 5500, 5500, 5500, 5500, 5500, 5500, 5500, 5500, 5500, 5500, 5500, 5500, 5500, 5500, 5500, 5500, 5500, 5500, 5500, 5500, 5500,
	5500, 5500, 5500, 5500, 5500, 5500, 5500, 5500, 5500, 5500, 5500, 5500, 5500, 5500, 5500, 5500, 5500, 5500, 5500, 5500, 5500, 5500, 5500, 5500, 5500, 5500, 5500, 5500, 5500, 5500, 5500, 5500,
	5500, 5500, 5500, 5500, 5500, 5500, 5500, 5500, 5500, 5500, 5500, 5500, 5500, 5500, 5500, 5500, 5500, 5500, 5500, 5500, 5500, 5500, 5500, 5500, 5500, 5500, 5500, 5500, 5500, 5500, 5500, 5500,
	5500, 5500, 5500, 5500, 5500, 5500, 5500, 5500, 5500, 5500, 5500, 5500, 5500, 5500, 5500, 5500, 5500, 5500, 5500, 5500, 5500, 5500, 5500, 5500, 5500, 5500, 5500, 5500, 5500, 5500, 5500, 5500,
	5500, 5500, 5500, 5500, 5500, 5500, 5500, 5500, 5500, 5500, 5500, 5500, 5500, 5500, 5500, 5500, 5500, 5500, 5500, 5500, 5500, 5500, 5500, 5500, 5500, 5500, 5500, 5500, 5500, 5500, 5500, 5500,
	5500, 5500, 5500, 5500, 5500, 5500, 5500, 5500, 5500, 5500, 5500, 5500, 5500, 5500, 5500, 5500, 5500, 5500, 5500, 5500, 5500, 5500, 5500, 5500, 5500, 5500, 5500, 5500, 5500, 5500, 5500, 5500,
	5500, 5500, 5500, 5500, 5500, 5500, 5500, 5500, 5500, 5500, 5500, 5500, 5500, 5500, 5500, 5500, 5500, 5500, 5500, 5500, 5500, 5500, 5500, 5500, 5500, 5500, 5500, 5500, 5500, 5500, 5500, 5500,
	5500, 5500, 5500, 5500, 5500, 5500, 5500, 5500, 5500, 5500, 5500, 5500, 5500, 5500, 5500, 5500, 5500, 5500, 5500, 5500, 5500, 5500, 5500, 5500, 5500, 5500, 5500, 5500, 5500, 5500, 5500, 5500,
	5500, 5500, 5500, 5500, 5500, 5500, 5500, 5500, 5500, 5500, 5500, 5500, 5500, 5500, 5500, 5500, 5500, 5500, 5500, 5500, 5500, 5500, 5500, 5500, 5500, 5500, 5500, 5500, 5500, 5500, 5500, 5500,
	5500, 5500, 5500, 5500, 5500, 5500, 5500, 5500, 5500, 5500, 5500, 5500, 5500, 5500, 5500, 5500, 5500, 5500, 5500, 5500, 5500, 5500, 5500, 5500, 5500, 5500, 5500, 5500, 5500, 5500, 5500, 5500,
	5500, 5500, 5500, 5500, 5500, 5500, 5500, 5500, 5500, 5500, 5500, 5500, 5500, 5500, 5500, 5500, 5500, 5500, 5500, 5500, 5500, 5500, 5500, 5500, 5500, 5500, 5500, 5500, 5500, 5500, 5500, 5500,
	5500, 5500, 5500, 5500, 5500, 5500, 5500, 5500, 5500, 5500, 5500, 5500, 5500, 5500, 5500, 5500, 5500, 5500, 5500, 5500, 5500, 5500, 5500, 5500, 5500, 5500, 5500, 5500, 5500, 5500, 5500, 5500,
	5500, 5500, 5500, 5500, 5500, 5500, 5500, 5500, 5500, 5500, 5500, 5500, 5500, 5500, 5500, 5500, 5500, 5500, 5500, 5500, 5500, 5500, 5500, 5500, 5500, 5500, 5500, 5500, 5500, 5500, 5500, 5500,
	5500, 5500, 5500, 5500, 5500, 5500, 5500, 5500, 5500, 5500, 5500, 5500, 5500, 5500, 5500, 5500, 5500, 5500, 5500, 5500, 5500, 5500, 5500, 5500, 5500, 5500, 5500, 5500, 5500, 5500, 5500, 5500,
	5500, 5500, 5500, 5500, 5500, 5500, 5500, 5500, 5500, 5500, 5500, 5500, 5500, 5500, 5500, 5500, 5500, 5500, 5500, 5500, 5500, 5500, 5500, 5500, 5500, 5500, 5500, 5500, 5500, 5500, 5500, 5500,
	5500, 5500, 5500, 5500, 5500, 5500, 5500, 5500, 5500, 5500, 5500, 5500, 5500, 5500, 5500, 5500, 5500, 5500, 5500, 5500, 5500, 5500, 5500, 5500, 5500, 5500, 5500, 5500, 5500, 5500, 5500, 5500,
	5500, 5500, 5500, 5500, 5500, 5500, 5500, 5500, 5500, 5500, 5500, 5500, 5500, 5500, 5500, 5500, 5500, 5500, 5500, 5500, 5500, 5500, 5500, 5500, 5500, 5500, 5500, 5500, 5500, 5500, 5500, 5500,
	5500, 5500, 5500, 5500, 5500, 5500, 5500, 5500, 5500, 5500, 5500, 5500, 5500, 5500, 5500, 5500, 5500, 5500, 5500, 5500, 5500, 5500, 5500, 5500, 5500, 5500, 5500, 5500, 5500, 5500, 5500, 5500,
	5500, 5500, 5500, 5500, 5500, 5500, 5500, 5500, 5500, 5500, 5500, 5500, 5500, 5500, 5500, 5500, 5500, 5500, 5500, 5500, 5500, 5500, 5500, 5500, 5500, 5500, 5500, 5500, 5500, 5500, 5500, 5500,
	5500, 5500, 5500, 5500, 5500, 5500, 5500, 5500, 5500, 5500, 5500, 5500, 5500, 5500, 5500, 5500, 5500, 5500, 5500, 5500, 5500, 5500, 5500, 5500, 5500, 5500, 5500, 5500, 5500, 5500, 5500, 5500,
	5500, 5500, 5500, 5500, 5500, 5500, 5500, 5500, 5500, 5500, 5500, 5500, 5500, 5500, 5500, 5500, 5500, 5500, 5500, 5500, 5500, 5500, 5500, 5500, 5500, 5500, 5500, 5500, 5500, 5500, 5500, 5500,
	5500, 5500, 5500, 5500, 5500, 5500, 5500, 5500, 5500, 5500, 5500, 5500, 5500, 5500, 5500, 5500, 5500, 5500, 5500, 5500, 5500, 5500, 5500, 5500, 5500, 5500, 5500, 5500, 5500, 5500, 5500, 5500,
	5500, 5500, 5500, 5500, 5500, 5500, 5500, 5500, 5500, 5500, 5500, 5500, 5500, 5500, 5500, 5500, 5500, 5500, 5500, 5500, 5500, 5500, 5500, 5500, 5500, 5500, 5500, 5500, 5500, 5500, 5500, 5500,
	5500, 5500, 5500, 5500, 5500, 5500, 5500, 5500, 5500, 5500, 5500, 5500, 5500, 5500, 5500, 5500, 5500, 5500, 5500, 5500, 5500, 5500, 5500, 5500, 5500, 5500, 5500, 5500, 5500, 5500, 5500, 5500,
	5500, 5500, 5500, 5500, 5500, 5500, 5500, 5500, 5500, 5500, 5500, 5500, 5500, 5500, 5500, 5500, 5500, 5500, 5500, 5500, 5500, 5500, 5500, 5500, 5500, 5500, 5500, 5500, 5500, 5500, 5500, 5500,
}
ADCLowerImageLimit = {
	25, 25, 25, 25, 25, 25, 25, 25, 25, 25, 25, 25, 25, 25, 25, 25, 25, 25, 25, 25, 25, 25, 25, 25, 25, 25, 25, 25, 25, 25, 25, 25,
	25, 25, 25, 25, 25, 25, 25, 25, 25, 25, 25, 25, 25, 25, 25, 25, 25, 25, 25, 25, 25, 25, 25, 25, 25, 25, 25, 25, 25, 25, 25, 25,
	25, 25, 25, 25, 25, 25, 25, 25, 25, 25, 25, 25, 25, 25, 25, 25, 25, 25, 25, 25, 25, 25, 25, 25, 25, 25, 25, 25, 25, 25, 25, 25,
	25, 25, 25, 25, 25, 25, 25, 25, 25, 25, 25, 25, 25, 25, 25, 25, 25, 25, 25, 25, 25, 25, 25, 25, 25, 25, 25, 25, 25, 25, 25, 25,
	25, 25, 25, 25, 25, 25, 25, 25, 25, 25, 25, 25, 25, 25, 25, 25, 25, 25, 25, 25, 25, 25, 25, 25, 25, 25, 25, 25, 25, 25, 25, 25,
	25, 25, 25, 25, 25, 25, 25, 25, 25, 25, 25, 25, 25, 25, 25, 25, 25, 25, 25, 25, 25, 25, 25, 25, 25, 25, 25, 25, 25, 25, 25, 25,
	25, 25, 25, 25, 25, 25, 25, 25, 25, 25, 25, 25, 25, 25, 25, 25, 25, 25, 25, 25, 25, 25, 25, 25, 25, 25, 25, 25, 25, 25, 25, 25,
	25, 25, 25, 25, 25, 25, 25, 25, 25, 25, 25, 25, 25, 25, 25, 25, 25, 25, 25, 25, 25, 25, 25, 25, 25, 25, 25, 25, 25, 25, 25, 25,
	25, 25, 25, 25, 25, 25, 25, 25, 25, 25, 25, 25, 25, 25, 25, 25, 25, 25, 25, 25, 25, 25, 25, 25, 25, 25, 25, 25, 25, 25, 25, 25,
	25, 25, 25, 25, 25, 25, 25, 25, 25, 25, 25, 25, 25, 25, 25, 25, 25, 25, 25, 25, 25, 25, 25, 25, 25, 25, 25, 25, 25, 25, 25, 25,
	25, 25, 25, 25, 25, 25, 25, 25, 25, 25, 25, 25, 25, 25, 25, 25, 25, 25, 25, 25, 25, 25, 25, 25, 25, 25, 25, 25, 25, 25, 25, 25,
	25, 25, 25, 25, 25, 25, 25, 25, 25, 25, 25, 25, 25, 25, 25, 25, 25, 25, 25, 25, 25, 25, 25, 25, 25, 25, 25, 25, 25, 25, 25, 25,
	25, 25, 25, 25, 25, 25, 25, 25, 25, 25, 25, 25, 25, 25, 25, 25, 25, 25, 25, 25, 25, 25, 25, 25, 25, 25, 25, 25, 25, 25, 25, 25,
	25, 25, 25, 25, 25, 25, 25, 25, 25, 25, 25, 25, 25, 25, 25, 25, 25, 25, 25, 25, 25, 25, 25, 25, 25, 25, 25, 25, 25, 25, 25, 25,
	25, 25, 25, 25, 25, 25, 25, 25, 25, 25, 25, 25, 25, 25, 25, 25, 25, 25, 25, 25, 25, 25, 25, 25, 25, 25, 25, 25, 25, 25, 25, 25,
	25, 25, 25, 25, 25, 25, 25, 25, 25, 25, 25, 25, 25, 25, 25, 25, 25, 25, 25, 25, 25, 25, 25, 25, 25, 25, 25, 25, 25, 25, 25, 25,
	25, 25, 25, 25, 25, 25, 25, 25, 25, 25, 25, 25, 25, 25, 25, 25, 25, 25, 25, 25, 25, 25, 25, 25, 25, 25, 25, 25, 25, 25, 25, 25,
	25, 25, 25, 25, 25, 25, 25, 25, 25, 25, 25, 25, 25, 25, 25, 25, 25, 25, 25, 25, 25, 25, 25, 25, 25, 25, 25, 25, 25, 25, 25, 25,
	25, 25, 25, 25, 25, 25, 25, 25, 25, 25, 25, 25, 25, 25, 25, 25, 25, 25, 25, 25, 25, 25, 25, 25, 25, 25, 25, 25, 25, 25, 25, 25,
	25, 25, 25, 25, 25, 25, 25, 25, 25, 25, 25, 25, 25, 25, 25, 25, 25, 25, 25, 25, 25, 25, 25, 25, 25, 25, 25, 25, 25, 25, 25, 25,
	25, 25, 25, 25, 25, 25, 25, 25, 25, 25, 25, 25, 25, 25, 25, 25, 25, 25, 25, 25, 25, 25, 25, 25, 25, 25, 25, 25, 25, 25, 25, 25,
	25, 25, 25, 25, 25, 25, 25, 25, 25, 25, 25, 25, 25, 25, 25, 25, 25, 25, 25, 25, 25, 25, 25, 25, 25, 25, 25, 25, 25, 25, 25, 25,
	25, 25, 25, 25, 25, 25, 25, 25, 25, 25, 25, 25, 25, 25, 25, 25, 25, 25, 25, 25, 25, 25, 25, 25, 25, 25, 25, 25, 25, 25, 25, 25,
	25, 25, 25, 25, 25, 25, 25, 25, 25, 25, 25, 25, 25, 25, 25, 25, 25, 25, 25, 25, 25, 25, 25, 25, 25, 25, 25, 25, 25, 25, 25, 25,
	25, 25, 25, 25, 25, 25, 25, 25, 25, 25, 25, 25, 25, 25, 25, 25, 25, 25, 25, 25, 25, 25, 25, 25, 25, 25, 25, 25, 25, 25, 25, 25,
	25, 25, 25, 25, 25, 25, 25, 25, 25, 25, 25, 25, 25, 25, 25, 25, 25, 25, 25, 25, 25, 25, 25, 25, 25, 25, 25, 25, 25, 25, 25, 25,
	25, 25, 25, 25, 25, 25, 25, 25, 25, 25, 25, 25, 25, 25, 25, 25, 25, 25, 25, 25, 25, 25, 25, 25, 25, 25, 25, 25, 25, 25, 25, 25,
	25, 25, 25, 25, 25, 25, 25, 25, 25, 25, 25, 25, 25, 25, 25, 25, 25, 25, 25, 25, 25, 25, 25, 25, 25, 25, 25, 25, 25, 25, 25, 25,
	25, 25, 25, 25, 25, 25, 25, 25, 25, 25, 25, 25, 25, 25, 25, 25, 25, 25, 25, 25, 25, 25, 25, 25, 25, 25, 25, 25, 25, 25, 25, 25,
	25, 25, 25, 25, 25, 25, 25, 25, 25, 25, 25, 25, 25, 25, 25, 25, 25, 25, 25, 25, 25, 25, 25, 25, 25, 25, 25, 25, 25, 25, 25, 25,
	25, 25, 25, 25, 25, 25, 25, 25, 25, 25, 25, 25, 25, 25, 25, 25, 25, 25, 25, 25, 25, 25, 25, 25, 25, 25, 25, 25, 25, 25, 25, 25,
	25, 25, 25, 25, 25, 25, 25, 25, 25, 25, 25, 25, 25, 25, 25, 25, 25, 25, 25, 25, 25, 25, 25, 25, 25, 25, 25, 25, 25, 25, 25, 25,
}
ADCUpperImageLimit = {
	230, 230, 230, 230, 230, 230, 230, 230, 230, 230, 230, 230, 230, 230, 230, 230, 230, 230, 230, 230, 230, 230, 230, 230, 230, 230, 230, 230, 230, 230, 230, 230,
	230, 230, 230, 230, 230, 230, 230, 230, 230, 230, 230, 230, 230, 230, 230, 230, 230, 230, 230, 230, 230, 230, 230, 230, 230, 230, 230, 230, 230, 230, 230, 230,
	230, 230, 230, 230, 230, 230, 230, 230, 230, 230, 230, 230, 230, 230, 230, 230, 230, 230, 230, 230, 230, 230, 230, 230, 230, 230, 230, 230, 230, 230, 230, 230,
	230, 230, 230, 230, 230, 230, 230, 230, 230, 230, 230, 230, 230, 230, 230, 230, 230, 230, 230, 230, 230, 230, 230, 230, 230, 230, 230, 230, 230, 230, 230, 230,
	230, 230, 230, 230, 230, 230, 230, 230, 230, 230, 230, 230, 230, 230, 230, 230, 230, 230, 230, 230, 230, 230, 230, 230, 230, 230, 230, 230, 230, 230, 230, 230,
	230, 230, 230, 230, 230, 230, 230, 230, 230, 230, 230, 230, 230, 230, 230, 230, 230, 230, 230, 230, 230, 230, 230, 230, 230, 230, 230, 230, 230, 230, 230, 230,
	230, 230, 230, 230, 230, 230, 230, 230, 230, 230, 230, 230, 230, 230, 230, 230, 230, 230, 230, 230, 230, 230, 230, 230, 230, 230, 230, 230, 230, 230, 230, 230,
	230, 230, 230, 230, 230, 230, 230, 230, 230, 230, 230, 230, 230, 230, 230, 230, 230, 230, 230, 230, 230, 230, 230, 230, 230, 230, 230, 230, 230, 230, 230, 230,
	230, 230, 230, 230, 230, 230, 230, 230, 230, 230, 230, 230, 230, 230, 230, 230, 230, 230, 230, 230, 230, 230, 230, 230, 230, 230, 230, 230, 230, 230, 230, 230,
	230, 230, 230, 230, 230, 230, 230, 230, 230, 230, 230, 230, 230, 230, 230, 230, 230, 230, 230, 230, 230, 230, 230, 230, 230, 230, 230, 230, 230, 230, 230, 230,
	230, 230, 230, 230, 230, 230, 230, 230, 230, 230, 230, 230, 230, 230, 230, 230, 230, 230, 230, 230, 230, 230, 230, 230, 230, 230, 230, 230, 230, 230, 230, 230,
	230, 230, 230, 230, 230, 230, 230, 230, 230, 230, 230, 230, 230, 230, 230, 230, 230, 230, 230, 230, 230, 230, 230, 230, 230, 230, 230, 230, 230, 230, 230, 230,
	230, 230, 230, 230, 230, 230, 230, 230, 230, 230, 230, 230, 230, 230, 230, 230, 230, 230, 230, 230, 230, 230, 230, 230, 230, 230, 230, 230, 230, 230, 230, 230,
	230, 230, 230, 230, 230, 230, 230, 230, 230, 230, 230, 230, 230, 230, 230, 230, 230, 230, 230, 230, 230, 230, 230, 230, 230, 230, 230, 230, 230, 230, 230, 230,
	230, 230, 230, 230, 230, 230, 230, 230, 230, 230, 230, 230, 230, 230, 230, 230, 230, 230, 230, 230, 230, 230, 230, 230, 230, 230, 230, 230, 230, 230, 230, 230,
	230, 230, 230, 230, 230, 230, 230, 230, 230, 230, 230, 230, 230, 230, 230, 230, 230, 230, 230, 230, 230, 230, 230, 230, 230, 230, 230, 230, 230, 230, 230, 230,
	230, 230, 230, 230, 230, 230, 230, 230, 230, 230, 230, 230, 230, 230, 230, 230, 230, 230, 230, 230, 230, 230, 230, 230, 230, 230, 230, 230, 230, 230, 230, 230,
	230, 230, 230, 230, 230, 230, 230, 230, 230, 230, 230, 230, 230, 230, 230, 230, 230, 230, 230, 230, 230, 230, 230, 230, 230, 230, 230, 230, 230, 230, 230, 230,
	230, 230, 230, 230, 230, 230, 230, 230, 230, 230, 230, 230, 230, 230, 230, 230, 230, 230, 230, 230, 230, 230, 230, 230, 230, 230, 230, 230, 230, 230, 230, 230,
	230, 230, 230, 230, 230, 230, 230, 230, 230, 230, 230, 230, 230, 230, 230, 230, 230, 230, 230, 230, 230, 230, 230, 230, 230, 230, 230, 230, 230, 230, 230, 230,
	230, 230, 230, 230, 230, 230, 230, 230, 230, 230, 230, 230, 230, 230, 230, 230, 230, 230, 230, 230, 230, 230, 230, 230, 230, 230, 230, 230, 230, 230, 230, 230,
	230, 230, 230, 230, 230, 230, 230, 230, 230, 230, 230, 230, 230, 230, 230, 230, 230, 230, 230, 230, 230, 230, 230, 230, 230, 230, 230, 230, 230, 230, 230, 230,
	230, 230, 230, 230, 230, 230, 230, 230, 230, 230, 230, 230, 230, 230, 230, 230, 230, 230, 230, 230, 230, 230, 230, 230, 230, 230, 230, 230, 230, 230, 230, 230,
	230, 230, 230, 230, 230, 230, 230, 230, 230, 230, 230, 230, 230, 230, 230, 230, 230, 230, 230, 230, 230, 230, 230, 230, 230, 230, 230, 230, 230, 230, 230, 230,
	230, 230, 230, 230, 230, 230, 230, 230, 230, 230, 230, 230, 230, 230, 230, 230, 230, 230, 230, 230, 230, 230, 230, 230, 230, 230, 230, 230, 230, 230, 230, 230,
	230, 230, 230, 230, 230, 230, 230, 230, 230, 230, 230, 230, 230, 230, 230, 230, 230, 230, 230, 230, 230, 230, 230, 230, 230, 230, 230, 230, 230, 230, 230, 230,
	230, 230, 230, 230, 230, 230, 230, 230, 230, 230, 230, 230, 230, 230, 230, 230, 230, 230, 230, 230, 230, 230, 230, 230, 230, 230, 230, 230, 230, 230, 230, 230,
	230, 230, 230, 230, 230, 230, 230, 230, 230, 230, 230, 230, 230, 230, 230, 230, 230, 230, 230, 230, 230, 230, 230, 230, 230, 230, 230, 230, 230, 230, 230, 230,
	230, 230, 230, 230, 230, 230, 230, 230, 230, 230, 230, 230, 230, 230, 230, 230, 230, 230, 230, 230, 230, 230, 230, 230, 230, 230, 230, 230, 230, 230, 230, 230,
	230, 230, 230, 230, 230, 230, 230, 230, 230, 230, 230, 230, 230, 230, 230, 230, 230, 230, 230, 230, 230, 230, 230, 230, 230, 230, 230, 230, 230, 230, 230, 230,
	230, 230, 230, 230, 230, 230, 230, 230, 230, 230, 230, 230, 230, 230, 230, 230, 230, 230, 230, 230, 230, 230, 230, 230, 230, 230, 230, 230, 230, 230, 230, 230,
	230, 230, 230, 230, 230, 230, 230, 230, 230, 230, 230, 230, 230, 230, 230, 230, 230, 230, 230, 230, 230, 230, 230, 230, 230, 230, 230, 230, 230, 230, 230, 230,
}
SensorSpeedLowerImageLimit = {
	-500, -500, -500, -500, -500, -500, -500, -500, -500, -500, -500, -500, -500, -500, -500, -500, -500, -500, -500, -500, -500, -500, -500, -500, -500, -500, -500, -500, -500, -500, -500, -500,
	-500, -500, -500, -500, -500, -500, -500, -500, -500, -500, -500, -500, -500, -500, -500, -500, -500, -500, -500, -500, -500, -500, -500, -500, -500, -500, -500, -500, -500, -500, -500, -500,
	-500, -500, -500, -500, -500, -500, -500, -500, -500, -500, -500, -500, -500, -500, -500, -500, -500, -500, -500, -500, -500, -500, -500, -500, -500, -500, -500, -500, -500, -500, -500, -500,
	-500, -500, -500, -500, -500, -500, -500, -500, -500, -500, -500, -500, -500, -500, -500, -500, -500, -500, -500, -500, -500, -500, -500, -500, -500, -500, -500, -500, -500, -500, -500, -500,
	-500, -500, -500, -500, -500, -500, -500, -500, -500, -500, -500, -500, -500, -500, -500, -500, -500, -500, -500, -500, -500, -500, -500, -500, -500, -500, -500, -500, -500, -500, -500, -500,
	-500, -500, -500, -500, -500, -500, -500, -500, -500, -500, -500, -500, -500, -500, -500, -500, -500, -500, -500, -500, -500, -500, -500, -500, -500, -500, -500, -500, -500, -500, -500, -500,
	-500, -500, -500, -500, -500, -500, -500, -500, -500, -500, -500, -500, -500, -500, -500, -500, -500, -500, -500, -500, -500, -500, -500, -500, -500, -500, -500, -500, -500, -500, -500, -500,
	-500, -500, -500, -500, -500, -500, -500, -500, -500, -500, -500, -500, -500, -500, -500, -500, -500, -500, -500, -500, -500, -500, -500, -500, -500, -500, -500, -500, -500, -500, -500, -500,
	-500, -500, -500, -500, -500, -500, -500, -500, -500, -500, -500, -500, -500, -500, -500, -500, -500, -500, -500, -500, -500, -500, -500, -500, -500, -500, -500, -500, -500, -500, -500, -500,
	-500, -500, -500, -500, -500, -500, -500, -500, -500, -500, -500, -500, -500, -500, -500, -500, -500, -500, -500, -500, -500, -500, -500, -500, -500, -500, -500, -500, -500, -500, -500, -500,
	-500, -500, -500, -500, -500, -500, -500, -500, -500, -500, -500, -500, -500, -500, -500, -500, -500, -500, -500, -500, -500, -500, -500, -500, -500, -500, -500, -500, -500, -500, -500, -500,
	-500, -500, -500, -500, -500, -500, -500, -500, -500, -500, -500, -500, -500, -500, -500, -500, -500, -500, -500, -500, -500, -500, -500, -500, -500, -500, -500, -500, -500, -500, -500, -500,
	-500, -500, -500, -500, -500, -500, -500, -500, -500, -500, -500, -500, -500, -500, -500, -500, -500, -500, -500, -500, -500, -500, -500, -500, -500, -500, -500, -500, -500, -500, -500, -500,
	-500, -500, -500, -500, -500, -500, -500, -500, -500, -500, -500, -500, -500, -500, -500, -500, -500, -500, -500, -500, -500, -500, -500, -500, -500, -500, -500, -500, -500, -500, -500, -500,
	-500, -500, -500, -500, -500, -500, -500, -500, -500, -500, -500, -500, -500, -500, -500, -500, -500, -500, -500, -500, -500, -500, -500, -500, -500, -500, -500, -500, -500, -500, -500, -500,
	-500, -500, -500, -500, -500, -500, -500, -500, -500, -500, -500, -500, -500, -500, -500, -500, -500, -500, -500, -500, -500, -500, -500, -500, -500, -500, -500, -500, -500, -500, -500, -500,
	-500, -500, -500, -500, -500, -500, -500, -500, -500, -500, -500, -500, -500, -500, -500, -500, -500, -500, -500, -500, -500, -500, -500, -500, -500, -500, -500, -500, -500, -500, -500, -500,
	-500, -500, -500, -500, -500, -500, -500, -500, -500, -500, -500, -500, -500, -500, -500, -500, -500, -500, -500, -500, -500, -500, -500, -500, -500, -500, -500, -500, -500, -500, -500, -500,
	-500, -500, -500, -500, -500, -500, -500, -500, -500, -500, -500, -500, -500, -500, -500, -500, -500, -500, -500, -500, -500, -500, -500, -500, -500, -500, -500, -500, -500, -500, -500, -500,
	-500, -500, -500, -500, -500, -500, -500, -500, -500, -500, -500, -500, -500, -500, -500, -500, -500, -500, -500, -500, -500, -500, -500, -500, -500, -500, -500, -500, -500, -500, -500, -500,
	-500, -500, -500, -500, -500, -500, -500, -500, -500, -500, -500, -500, -500, -500, -500, -500, -500, -500, -500, -500, -500, -500, -500, -500, -500, -500, -500, -500, -500, -500, -500, -500,
	-500, -500, -500, -500, -500, -500, -500, -500, -500, -500, -500, -500, -500, -500, -500, -500, -500, -500, -500, -500, -500, -500, -500, -500, -500, -500, -500, -500, -500, -500, -500, -500,
	-500, -500, -500, -500, -500, -500, -500, -500, -500, -500, -500, -500, -500, -500, -500, -500, -500, -500, -500, -500, -500, -500, -500, -500, -500, -500, -500, -500, -500, -500, -500, -500,
	-500, -500, -500, -500, -500, -500, -500, -500, -500, -500, -500, -500, -500, -500, -500, -500, -500, -500, -500, -500, -500, -500, -500, -500, -500, -500, -500, -500, -500, -500, -500, -500,
	-500, -500, -500, -500, -500, -500, -500, -500, -500, -500, -500, -500, -500, -500, -500, -500, -500, -500, -500, -500, -500, -500, -500, -500, -500, -500, -500, -500, -500, -500, -500, -500,
	-500, -500, -500, -500, -500, -500, -500, -500, -500, -500, -500, -500, -500, -500, -500, -500, -500, -500, -500, -500, -500, -500, -500, -500, -500, -500, -500, -500, -500, -500, -500, -500,
	-500, -500, -500, -500, -500, -500, -500, -500, -500, -500, -500, -500, -500, -500, -500, -500, -500, -500, -500, -500, -500, -500, -500, -500, -500, -500, -500, -500, -500, -500, -500, -500,
	-500, -500, -500, -500, -500, -500, -500, -500, -500, -500, -500, -500, -500, -500, -500, -500, -500, -500, -500, -500, -500, -500, -500, -500, -500, -500, -500, -500, -500, -500, -500, -500,
	-500, -500, -500, -500, -500, -500, -500, -500, -500, -500, -500, -500, -500, -500, -500, -500, -500, -500, -500, -500, -500, -500, -500, -500, -500, -500, -500, -500, -500, -500, -500, -500,
	-500, -500, -500, -500, -500, -500, -500, -500, -500, -500, -500, -500, -500, -500, -500, -500, -500, -500, -500, -500, -500, -500, -500, -500, -500, -500, -500, -500, -500, -500, -500, -500,
	-500, -500, -500, -500, -500, -500, -500, -500, -500, -500, -500, -500, -500, -500, -500, -500, -500, -500, -500, -500, -500, -500, -500, -500, -500, -500, -500, -500, -500, -500, -500, -500,
	-500, -500, -500, -500, -500, -500, -500, -500, -500, -500, -500, -500, -500, -500, -500, -500, -500, -500, -500, -500, -500, -500, -500, -500, -500, -500, -500, -500, -500, -500, -500, -500,
}
SensorSpeedUpperImageLimit = {
	500, 500, 500, 500, 500, 500, 500, 500, 500, 500, 500, 500, 500, 500, 500, 500, 500, 500, 500, 500, 500, 500, 500, 500, 500, 500, 500, 500, 500, 500, 500, 500,
	500, 500, 500, 500, 500, 500, 500, 500, 500, 500, 500, 500, 500, 500, 500, 500, 500, 500, 500, 500, 500, 500, 500, 500, 500, 500, 500, 500, 500, 500, 500, 500,
	500, 500, 500, 500, 500, 500, 500, 500, 500, 500, 500, 500, 500, 500, 500, 500, 500, 500, 500, 500, 500, 500, 500, 500, 500, 500, 500, 500, 500, 500, 500, 500,
	500, 500, 500, 500, 500, 500, 500, 500, 500, 500, 500, 500, 500, 500, 500, 500, 500, 500, 500, 500, 500, 500, 500, 500, 500, 500, 500, 500, 500, 500, 500, 500,
	500, 500, 500, 500, 500, 500, 500, 500, 500, 500, 500, 500, 500, 500, 500, 500, 500, 500, 500, 500, 500, 500, 500, 500, 500, 500, 500, 500, 500, 500, 500, 500,
	500, 500, 500, 500, 500, 500, 500, 500, 500, 500, 500, 500, 500, 500, 500, 500, 500, 500, 500, 500, 500, 500, 500, 500, 500, 500, 500, 500, 500, 500, 500, 500,
	500, 500, 500, 500, 500, 500, 500, 500, 500, 500, 500, 500, 500, 500, 500, 500, 500, 500, 500, 500, 500, 500, 500, 500, 500, 500, 500, 500, 500, 500, 500, 500,
	500, 500, 500, 500, 500, 500, 500, 500, 500, 500, 500, 500, 500, 500, 500, 500, 500, 500, 500, 500, 500, 500, 500, 500, 500, 500, 500, 500, 500, 500, 500, 500,
	500, 500, 500, 500, 500, 500, 500, 500, 500, 500, 500, 500, 500, 500, 500, 500, 500, 500, 500, 500, 500, 500, 500, 500, 500, 500, 500, 500, 500, 500, 500, 500,
	500, 500, 500, 500, 500, 500, 500, 500, 500, 500, 500, 500, 500, 500, 500, 500, 500, 500, 500, 500, 500, 500, 500, 500, 500, 500, 500, 500, 500, 500, 500, 500,
	500, 500, 500, 500, 500, 500, 500, 500, 500, 500, 500, 500, 500, 500, 500, 500, 500, 500, 500, 500, 500, 500, 500, 500, 500, 500, 500, 500, 500, 500, 500, 500,
	500, 500, 500, 500, 500, 500, 500, 500, 500, 500, 500, 500, 500, 500, 500, 500, 500, 500, 500, 500, 500, 500, 500, 500, 500, 500, 500, 500, 500, 500, 500, 500,
	500, 500, 500, 500, 500, 500, 500, 500, 500, 500, 500, 500, 500, 500, 500, 500, 500, 500, 500, 500, 500, 500, 500, 500, 500, 500, 500, 500, 500, 500, 500, 500,
	500, 500, 500, 500, 500, 500, 500, 500, 500, 500, 500, 500, 500, 500, 500, 500, 500, 500, 500, 500, 500, 500, 500, 500, 500, 500, 500, 500, 500, 500, 500, 500,
	500, 500, 500, 500, 500, 500, 500, 500, 500, 500, 500, 500, 500, 500, 500, 500, 500, 500, 500, 500, 500, 500, 500, 500, 500, 500, 500, 500, 500, 500, 500, 500,
	500, 500, 500, 500, 500, 500, 500, 500, 500, 500, 500, 500, 500, 500, 500, 500, 500, 500, 500, 500, 500, 500, 500, 500, 500, 500, 500, 500, 500, 500, 500, 500,
	500, 500, 500, 500, 500, 500, 500, 500, 500, 500, 500, 500, 500, 500, 500, 500, 500, 500, 500, 500, 500, 500, 500, 500, 500, 500, 500, 500, 500, 500, 500, 500,
	500, 500, 500, 500, 500, 500, 500, 500, 500, 500, 500, 500, 500, 500, 500, 500, 500, 500, 500, 500, 500, 500, 500, 500, 500, 500, 500, 500, 500, 500, 500, 500,
	500, 500, 500, 500, 500, 500, 500, 500, 500, 500, 500, 500, 500, 500, 500, 500, 500, 500, 500, 500, 500, 500, 500, 500, 500, 500, 500, 500, 500, 500, 500, 500,
	500, 500, 500, 500, 500, 500, 500, 500, 500, 500, 500, 500, 500, 500, 500, 500, 500, 500, 500, 500, 500, 500, 500, 500, 500, 500, 500, 500, 500, 500, 500, 500,
	500, 500, 500, 500, 500, 500, 500, 500, 500, 500, 500, 500, 500, 500, 500, 500, 500, 500, 500, 500, 500, 500, 500, 500, 500, 500, 500, 500, 500, 500, 500, 500,
	500, 500, 500, 500, 500, 500, 500, 500, 500, 500, 500, 500, 500, 500, 500, 500, 500, 500, 500, 500, 500, 500, 500, 500, 500, 500, 500, 500, 500, 500, 500, 500,
	500, 500, 500, 500, 500, 500, 500, 500, 500, 500, 500, 500, 500, 500, 500, 500, 500, 500, 500, 500, 500, 500, 500, 500, 500, 500, 500, 500, 500, 500, 500, 500,
	500, 500, 500, 500, 500, 500, 500, 500, 500, 500, 500, 500, 500, 500, 500, 500, 500, 500, 500, 500, 500, 500, 500, 500, 500, 500, 500, 500, 500, 500, 500, 500,
	500, 500, 500, 500, 500, 500, 500, 500, 500, 500, 500, 500, 500, 500, 500, 500, 500, 500, 500, 500, 500, 500, 500, 500, 500, 500, 500, 500, 500, 500, 500, 500,
	500, 500, 500, 500, 500, 500, 500, 500, 500, 500, 500, 500, 500, 500, 500, 500, 500, 500, 500, 500, 500, 500, 500, 500, 500, 500, 500, 500, 500, 500, 500, 500,
	500, 500, 500, 500, 500, 500, 500, 500, 500, 500, 500, 500, 500, 500, 500, 500, 500, 500, 500, 500, 500, 500, 500, 500, 500, 500, 500, 500, 500, 500, 500, 500,
	500, 500, 500, 500, 500, 500, 500, 500, 500, 500, 500, 500, 500, 500, 500, 500, 500, 500, 500, 500, 500, 500, 500, 500, 500, 500, 500, 500, 500, 500, 500, 500,
	500, 500, 500, 500, 500, 500, 500, 500, 500, 500, 500, 500, 500, 500, 500, 500, 500, 500, 500, 500, 500, 500, 500, 500, 500, 500, 500, 500, 500, 500, 500, 500,
	500, 500, 500, 500, 500, 500, 500, 500, 500, 500, 500, 500, 500, 500, 500, 500, 500, 500, 500, 500, 500, 500, 500, 500, 500, 500, 500, 500, 500, 500, 500, 500,
	500, 500, 500, 500, 500, 500, 500, 500, 500, 500, 500, 500, 500, 500, 500, 500, 500, 500, 500, 500, 500, 500, 500, 500, 500, 500, 500, 500, 500, 500, 500, 500,
	500, 500, 500, 500, 500, 500, 500, 500, 500, 500, 500, 500, 500, 500, 500, 500, 500, 500, 500, 500, 500, 500, 500, 500, 500, 500, 500, 500, 500, 500, 500, 500,
}
RspLowerImageLimit = {
	180, 180, 180, 180, 180, 180, 180, 180, 180, 180, 180, 180, 180, 180, 180, 180, 180, 180, 180, 180, 180, 180, 180, 180, 180, 180, 180, 180, 180, 180, 180, 180,
	180, 180, 180, 180, 180, 180, 180, 180, 180, 180, 180, 180, 180, 180, 180, 180, 180, 180, 180, 180, 180, 180, 180, 180, 180, 180, 180, 180, 180, 180, 180, 180,
	180, 180, 180, 180, 180, 180, 180, 180, 180, 180, 180, 180, 180, 180, 180, 180, 180, 180, 180, 180, 180, 180, 180, 180, 180, 180, 180, 180, 180, 180, 180, 180,
	180, 180, 180, 180, 180, 180, 180, 180, 180, 180, 180, 180, 180, 180, 180, 180, 180, 180, 180, 180, 180, 180, 180, 180, 180, 180, 180, 180, 180, 180, 180, 180,
	180, 180, 180, 180, 180, 180, 180, 180, 180, 180, 180, 180, 180, 180, 180, 180, 180, 180, 180, 180, 180, 180, 180, 180, 180, 180, 180, 180, 180, 180, 180, 180,
	180, 180, 180, 180, 180, 180, 180, 180, 180, 180, 180, 180, 180, 180, 180, 180, 180, 180, 180, 180, 180, 180, 180, 180, 180, 180, 180, 180, 180, 180, 180, 180,
	180, 180, 180, 180, 180, 180, 180, 180, 180, 180, 180, 180, 180, 180, 180, 180, 180, 180, 180, 180, 180, 180, 180, 180, 180, 180, 180, 180, 180, 180, 180, 180,
	180, 180, 180, 180, 180, 180, 180, 180, 180, 180, 180, 180, 180, 180, 180, 180, 180, 180, 180, 180, 180, 180, 180, 180, 180, 180, 180, 180, 180, 180, 180, 180,
	180, 180, 180, 180, 180, 180, 180, 180, 180, 180, 180, 180, 180, 180, 180, 180, 180, 180, 180, 180, 180, 180, 180, 180, 180, 180, 180, 180, 180, 180, 180, 180,
	180, 180, 180, 180, 180, 180, 180, 180, 180, 180, 180, 180, 180, 180, 180, 180, 180, 180, 180, 180, 180, 180, 180, 180, 180, 180, 180, 180, 180, 180, 180, 180,
	180, 180, 180, 180, 180, 180, 180, 180, 180, 180, 180, 180, 180, 180, 180, 180, 180, 180, 180, 180, 180, 180, 180, 180, 180, 180, 180, 180, 180, 180, 180, 180,
	180, 180, 180, 180, 180, 180, 180, 180, 180, 180, 180, 180, 180, 180, 180, 180, 180, 180, 180, 180, 180, 180, 180, 180, 180, 180, 180, 180, 180, 180, 180, 180,
	180, 180, 180, 180, 180, 180, 180, 180, 180, 180, 180, 180, 180, 180, 180, 180, 180, 180, 180, 180, 180, 180, 180, 180, 180, 180, 180, 180, 180, 180, 180, 180,
	180, 180, 180, 180, 180, 180, 180, 180, 180, 180, 180, 180, 180, 180, 180, 180, 180, 180, 180, 180, 180, 180, 180, 180, 180, 180, 180, 180, 180, 180, 180, 180,
	180, 180, 180, 180, 180, 180, 180, 180, 180, 180, 180, 180, 180, 180, 180, 180, 180, 180, 180, 180, 180, 180, 180, 180, 180, 180, 180, 180, 180, 180, 180, 180,
	180, 180, 180, 180, 180, 180, 180, 180, 180, 180, 180, 180, 180, 180, 180, 180, 180, 180, 180, 180, 180, 180, 180, 180, 180, 180, 180, 180, 180, 180, 180, 180,
	180, 180, 180, 180, 180, 180, 180, 180, 180, 180, 180, 180, 180, 180, 180, 180, 180, 180, 180, 180, 180, 180, 180, 180, 180, 180, 180, 180, 180, 180, 180, 180,
	180, 180, 180, 180, 180, 180, 180, 180, 180, 180, 180, 180, 180, 180, 180, 180, 180, 180, 180, 180, 180, 180, 180, 180, 180, 180, 180, 180, 180, 180, 180, 180,
	180, 180, 180, 180, 180, 180, 180, 180, 180, 180, 180, 180, 180, 180, 180, 180, 180, 180, 180, 180, 180, 180, 180, 180, 180, 180, 180, 180, 180, 180, 180, 180,
	180, 180, 180, 180, 180, 180, 180, 180, 180, 180, 180, 180, 180, 180, 180, 180, 180, 180, 180, 180, 180, 180, 180, 180, 180, 180, 180, 180, 180, 180, 180, 180,
	180, 180, 180, 180, 180, 180, 180, 180, 180, 180, 180, 180, 180, 180, 180, 180, 180, 180, 180, 180, 180, 180, 180, 180, 180, 180, 180, 180, 180, 180, 180, 180,
	180, 180, 180, 180, 180, 180, 180, 180, 180, 180, 180, 180, 180, 180, 180, 180, 180, 180, 180, 180, 180, 180, 180, 180, 180, 180, 180, 180, 180, 180, 180, 180,
	180, 180, 180, 180, 180, 180, 180, 180, 180, 180, 180, 180, 180, 180, 180, 180, 180, 180, 180, 180, 180, 180, 180, 180, 180, 180, 180, 180, 180, 180, 180, 180,
	180, 180, 180, 180, 180, 180, 180, 180, 180, 180, 180, 180, 180, 180, 180, 180, 180, 180, 180, 180, 180, 180, 180, 180, 180, 180, 180, 180, 180, 180, 180, 180,
	180, 180, 180, 180, 180, 180, 180, 180, 180, 180, 180, 180, 180, 180, 180, 180, 180, 180, 180, 180, 180, 180, 180, 180, 180, 180, 180, 180, 180, 180, 180, 180,
	180, 180, 180, 180, 180, 180, 180, 180, 180, 180, 180, 180, 180, 180, 180, 180, 180, 180, 180, 180, 180, 180, 180, 180, 180, 180, 180, 180, 180, 180, 180, 180,
	180, 180, 180, 180, 180, 180, 180, 180, 180, 180, 180, 180, 180, 180, 180, 180, 180, 180, 180, 180, 180, 180, 180, 180, 180, 180, 180, 180, 180, 180, 180, 180,
	180, 180, 180, 180, 180, 180, 180, 180, 180, 180, 180, 180, 180, 180, 180, 180, 180, 180, 180, 180, 180, 180, 180, 180, 180, 180, 180, 180, 180, 180, 180, 180,
	180, 180, 180, 180, 180, 180, 180, 180, 180, 180, 180, 180, 180, 180, 180, 180, 180, 180, 180, 180, 180, 180, 180, 180, 180, 180, 180, 180, 180, 180, 180, 180,
	180, 180, 180, 180, 180, 180, 180, 180, 180, 180, 180, 180, 180, 180, 180, 180, 180, 180, 180, 180, 180, 180, 180, 180, 180, 180, 180, 180, 180, 180, 180, 180,
	180, 180, 180, 180, 180, 180, 180, 180, 180, 180, 180, 180, 180, 180, 180, 180, 180, 180, 180, 180, 180, 180, 180, 180, 180, 180, 180, 180, 180, 180, 180, 180,
	180, 180, 180, 180, 180, 180, 180, 180, 180, 180, 180, 180, 180, 180, 180, 180, 180, 180, 180, 180, 180, 180, 180, 180, 180, 180, 180, 180, 180, 180, 180, 180,
}
RspUpperImageLimit = {
	360,  360,  360,  360,  360,  360,  360,  360,  360,  360,  360,  360,  360,  360,  360,  360,  360,  360,  360,  360,  360,  360,  360,  360,  360,  360,  360,  360,  360,  360,  360,  360,
	360,  360,  360,  360,  360,  360,  360,  360,  360,  360,  360,  360,  360,  360,  360,  360,  360,  360,  360,  360,  360,  360,  360,  360,  360,  360,  360,  360,  360,  360,  360,  360,
	360,  360,  360,  360,  360,  360,  360,  360,  360,  360,  360,  360,  360,  360,  360,  360,  360,  360,  360,  360,  360,  360,  360,  360,  360,  360,  360,  360,  360,  360,  360,  360,
	360,  360,  360,  360,  360,  360,  360,  360,  360,  360,  360,  360,  360,  360,  360,  360,  360,  360,  360,  360,  360,  360,  360,  360,  360,  360,  360,  360,  360,  360,  360,  360,
	360,  360,  360,  360,  360,  360,  360,  360,  360,  360,  360,  360,  360,  360,  360,  360,  360,  360,  360,  360,  360,  360,  360,  360,  360,  360,  360,  360,  360,  360,  360,  360,
	360,  360,  360,  360,  360,  360,  360,  360,  360,  360,  360,  360,  360,  360,  360,  360,  360,  360,  360,  360,  360,  360,  360,  360,  360,  360,  360,  360,  360,  360,  360,  360,
	360,  360,  360,  360,  360,  360,  360,  360,  360,  360,  360,  360,  360,  360,  360,  360,  360,  360,  360,  360,  360,  360,  360,  360,  360,  360,  360,  360,  360,  360,  360,  360,
	360,  360,  360,  360,  360,  360,  360,  360,  360,  360,  360,  360,  360,  360,  360,  360,  360,  360,  360,  360,  360,  360,  360,  360,  360,  360,  360,  360,  360,  360,  360,  360,
	360,  360,  360,  360,  360,  360,  360,  360,  360,  360,  360,  360,  360,  360,  360,  360,  360,  360,  360,  360,  360,  360,  360,  360,  360,  360,  360,  360,  360,  360,  360,  360,
	360,  360,  360,  360,  360,  360,  360,  360,  360,  360,  360,  360,  360,  360,  360,  360,  360,  360,  360,  360,  360,  360,  360,  360,  360,  360,  360,  360,  360,  360,  360,  360,
	360,  360,  360,  360,  360,  360,  360,  360,  360,  360,  360,  360,  360,  360,  360,  360,  360,  360,  360,  360,  360,  360,  360,  360,  360,  360,  360,  360,  360,  360,  360,  360,
	360,  360,  360,  360,  360,  360,  360,  360,  360,  360,  360,  360,  360,  360,  360,  360,  360,  360,  360,  360,  360,  360,  360,  360,  360,  360,  360,  360,  360,  360,  360,  360,
	360,  360,  360,  360,  360,  360,  360,  360,  360,  360,  360,  360,  360,  360,  360,  360,  360,  360,  360,  360,  360,  360,  360,  360,  360,  360,  360,  360,  360,  360,  360,  360,
	360,  360,  360,  360,  360,  360,  360,  360,  360,  360,  360,  360,  360,  360,  360,  360,  360,  360,  360,  360,  360,  360,  360,  360,  360,  360,  360,  360,  360,  360,  360,  360,
	360,  360,  360,  360,  360,  360,  360,  360,  360,  360,  360,  360,  360,  360,  360,  360,  360,  360,  360,  360,  360,  360,  360,  360,  360,  360,  360,  360,  360,  360,  360,  360,
	360,  360,  360,  360,  360,  360,  360,  360,  360,  360,  360,  360,  360,  360,  360,  360,  360,  360,  360,  360,  360,  360,  360,  360,  360,  360,  360,  360,  360,  360,  360,  360,
	360,  360,  360,  360,  360,  360,  360,  360,  360,  360,  360,  360,  360,  360,  360,  360,  360,  360,  360,  360,  360,  360,  360,  360,  360,  360,  360,  360,  360,  360,  360,  360,
	360,  360,  360,  360,  360,  360,  360,  360,  360,  360,  360,  360,  360,  360,  360,  360,  360,  360,  360,  360,  360,  360,  360,  360,  360,  360,  360,  360,  360,  360,  360,  360,
	360,  360,  360,  360,  360,  360,  360,  360,  360,  360,  360,  360,  360,  360,  360,  360,  360,  360,  360,  360,  360,  360,  360,  360,  360,  360,  360,  360,  360,  360,  360,  360,
	360,  360,  360,  360,  360,  360,  360,  360,  360,  360,  360,  360,  360,  360,  360,  360,  360,  360,  360,  360,  360,  360,  360,  360,  360,  360,  360,  360,  360,  360,  360,  360,
	360,  360,  360,  360,  360,  360,  360,  360,  360,  360,  360,  360,  360,  360,  360,  360,  360,  360,  360,  360,  360,  360,  360,  360,  360,  360,  360,  360,  360,  360,  360,  360,
	360,  360,  360,  360,  360,  360,  360,  360,  360,  360,  360,  360,  360,  360,  360,  360,  360,  360,  360,  360,  360,  360,  360,  360,  360,  360,  360,  360,  360,  360,  360,  360,
	360,  360,  360,  360,  360,  360,  360,  360,  360,  360,  360,  360,  360,  360,  360,  360,  360,  360,  360,  360,  360,  360,  360,  360,  360,  360,  360,  360,  360,  360,  360,  360,
	360,  360,  360,  360,  360,  360,  360,  360,  360,  360,  360,  360,  360,  360,  360,  360,  360,  360,  360,  360,  360,  360,  360,  360,  360,  360,  360,  360,  360,  360,  360,  360,
	360,  360,  360,  360,  360,  360,  360,  360,  360,  360,  360,  360,  360,  360,  360,  360,  360,  360,  360,  360,  360,  360,  360,  360,  360,  360,  360,  360,  360,  360,  360,  360,
	360,  360,  360,  360,  360,  360,  360,  360,  360,  360,  360,  360,  360,  360,  360,  360,  360,  360,  360,  360,  360,  360,  360,  360,  360,  360,  360,  360,  360,  360,  360,  360,
	360,  360,  360,  360,  360,  360,  360,  360,  360,  360,  360,  360,  360,  360,  360,  360,  360,  360,  360,  360,  360,  360,  360,  360,  360,  360,  360,  360,  360,  360,  360,  360,
	360,  360,  360,  360,  360,  360,  360,  360,  360,  360,  360,  360,  360,  360,  360,  360,  360,  360,  360,  360,  360,  360,  360,  360,  360,  360,  360,  360,  360,  360,  360,  360,
	360,  360,  360,  360,  360,  360,  360,  360,  360,  360,  360,  360,  360,  360,  360,  360,  360,  360,  360,  360,  360,  360,  360,  360,  360,  360,  360,  360,  360,  360,  360,  360,
	360,  360,  360,  360,  360,  360,  360,  360,  360,  360,  360,  360,  360,  360,  360,  360,  360,  360,  360,  360,  360,  360,  360,  360,  360,  360,  360,  360,  360,  360,  360,  360,
	360,  360,  360,  360,  360,  360,  360,  360,  360,  360,  360,  360,  360,  360,  360,  360,  360,  360,  360,  360,  360,  360,  360,  360,  360,  360,  360,  360,  360,  360,  360,  360,
	360,  360,  360,  360,  360,  360,  360,  360,  360,  360,  360,  360,  360,  360,  360,  360,  360,  360,  360,  360,  360,  360,  360,  360,  360,  360,  360,  360,  360,  360,  360,  360,
}
RspNoiseP2PLimit = {
	70,  70,  70,  70,  70,  70,  70,  70,  70,  70,  70,  70,  70,  70,  70,  70,  70,  70,  70,  70,  70,  70,  70,  70,  70,  70,  70,  70,  70,  70,  70,  70,
	70,  70,  70,  70,  70,  70,  70,  70,  70,  70,  70,  70,  70,  70,  70,  70,  70,  70,  70,  70,  70,  70,  70,  70,  70,  70,  70,  70,  70,  70,  70,  70,
	70,  70,  70,  70,  70,  70,  70,  70,  70,  70,  70,  70,  70,  70,  70,  70,  70,  70,  70,  70,  70,  70,  70,  70,  70,  70,  70,  70,  70,  70,  70,  70,
	70,  70,  70,  70,  70,  70,  70,  70,  70,  70,  70,  70,  70,  70,  70,  70,  70,  70,  70,  70,  70,  70,  70,  70,  70,  70,  70,  70,  70,  70,  70,  70,
	70,  70,  70,  70,  70,  70,  70,  70,  70,  70,  70,  70,  70,  70,  70,  70,  70,  70,  70,  70,  70,  70,  70,  70,  70,  70,  70,  70,  70,  70,  70,  70,
	70,  70,  70,  70,  70,  70,  70,  70,  70,  70,  70,  70,  70,  70,  70,  70,  70,  70,  70,  70,  70,  70,  70,  70,  70,  70,  70,  70,  70,  70,  70,  70,
	70,  70,  70,  70,  70,  70,  70,  70,  70,  70,  70,  70,  70,  70,  70,  70,  70,  70,  70,  70,  70,  70,  70,  70,  70,  70,  70,  70,  70,  70,  70,  70,
	70,  70,  70,  70,  70,  70,  70,  70,  70,  70,  70,  70,  70,  70,  70,  70,  70,  70,  70,  70,  70,  70,  70,  70,  70,  70,  70,  70,  70,  70,  70,  70,
	70,  70,  70,  70,  70,  70,  70,  70,  70,  70,  70,  70,  70,  70,  70,  70,  70,  70,  70,  70,  70,  70,  70,  70,  70,  70,  70,  70,  70,  70,  70,  70,
	70,  70,  70,  70,  70,  70,  70,  70,  70,  70,  70,  70,  70,  70,  70,  70,  70,  70,  70,  70,  70,  70,  70,  70,  70,  70,  70,  70,  70,  70,  70,  70,
	70,  70,  70,  70,  70,  70,  70,  70,  70,  70,  70,  70,  70,  70,  70,  70,  70,  70,  70,  70,  70,  70,  70,  70,  70,  70,  70,  70,  70,  70,  70,  70,
	70,  70,  70,  70,  70,  70,  70,  70,  70,  70,  70,  70,  70,  70,  70,  70,  70,  70,  70,  70,  70,  70,  70,  70,  70,  70,  70,  70,  70,  70,  70,  70,
	70,  70,  70,  70,  70,  70,  70,  70,  70,  70,  70,  70,  70,  70,  70,  70,  70,  70,  70,  70,  70,  70,  70,  70,  70,  70,  70,  70,  70,  70,  70,  70,
	70,  70,  70,  70,  70,  70,  70,  70,  70,  70,  70,  70,  70,  70,  70,  70,  70,  70,  70,  70,  70,  70,  70,  70,  70,  70,  70,  70,  70,  70,  70,  70,
	70,  70,  70,  70,  70,  70,  70,  70,  70,  70,  70,  70,  70,  70,  70,  70,  70,  70,  70,  70,  70,  70,  70,  70,  70,  70,  70,  70,  70,  70,  70,  70,
	70,  70,  70,  70,  70,  70,  70,  70,  70,  70,  70,  70,  70,  70,  70,  70,  70,  70,  70,  70,  70,  70,  70,  70,  70,  70,  70,  70,  70,  70,  70,  70,
	70,  70,  70,  70,  70,  70,  70,  70,  70,  70,  70,  70,  70,  70,  70,  70,  70,  70,  70,  70,  70,  70,  70,  70,  70,  70,  70,  70,  70,  70,  70,  70,
	70,  70,  70,  70,  70,  70,  70,  70,  70,  70,  70,  70,  70,  70,  70,  70,  70,  70,  70,  70,  70,  70,  70,  70,  70,  70,  70,  70,  70,  70,  70,  70,
	70,  70,  70,  70,  70,  70,  70,  70,  70,  70,  70,  70,  70,  70,  70,  70,  70,  70,  70,  70,  70,  70,  70,  70,  70,  70,  70,  70,  70,  70,  70,  70,
	70,  70,  70,  70,  70,  70,  70,  70,  70,  70,  70,  70,  70,  70,  70,  70,  70,  70,  70,  70,  70,  70,  70,  70,  70,  70,  70,  70,  70,  70,  70,  70,
	70,  70,  70,  70,  70,  70,  70,  70,  70,  70,  70,  70,  70,  70,  70,  70,  70,  70,  70,  70,  70,  70,  70,  70,  70,  70,  70,  70,  70,  70,  70,  70,
	70,  70,  70,  70,  70,  70,  70,  70,  70,  70,  70,  70,  70,  70,  70,  70,  70,  70,  70,  70,  70,  70,  70,  70,  70,  70,  70,  70,  70,  70,  70,  70,
	70,  70,  70,  70,  70,  70,  70,  70,  70,  70,  70,  70,  70,  70,  70,  70,  70,  70,  70,  70,  70,  70,  70,  70,  70,  70,  70,  70,  70,  70,  70,  70,
	70,  70,  70,  70,  70,  70,  70,  70,  70,  70,  70,  70,  70,  70,  70,  70,  70,  70,  70,  70,  70,  70,  70,  70,  70,  70,  70,  70,  70,  70,  70,  70,
	70,  70,  70,  70,  70,  70,  70,  70,  70,  70,  70,  70,  70,  70,  70,  70,  70,  70,  70,  70,  70,  70,  70,  70,  70,  70,  70,  70,  70,  70,  70,  70,
	70,  70,  70,  70,  70,  70,  70,  70,  70,  70,  70,  70,  70,  70,  70,  70,  70,  70,  70,  70,  70,  70,  70,  70,  70,  70,  70,  70,  70,  70,  70,  70,
	70,  70,  70,  70,  70,  70,  70,  70,  70,  70,  70,  70,  70,  70,  70,  70,  70,  70,  70,  70,  70,  70,  70,  70,  70,  70,  70,  70,  70,  70,  70,  70,
	70,  70,  70,  70,  70,  70,  70,  70,  70,  70,  70,  70,  70,  70,  70,  70,  70,  70,  70,  70,  70,  70,  70,  70,  70,  70,  70,  70,  70,  70,  70,  70,
	70,  70,  70,  70,  70,  70,  70,  70,  70,  70,  70,  70,  70,  70,  70,  70,  70,  70,  70,  70,  70,  70,  70,  70,  70,  70,  70,  70,  70,  70,  70,  70,
	70,  70,  70,  70,  70,  70,  70,  70,  70,  70,  70,  70,  70,  70,  70,  70,  70,  70,  70,  70,  70,  70,  70,  70,  70,  70,  70,  70,  70,  70,  70,  70,
	70,  70,  70,  70,  70,  70,  70,  70,  70,  70,  70,  70,  70,  70,  70,  70,  70,  70,  70,  70,  70,  70,  70,  70,  70,  70,  70,  70,  70,  70,  70,  70,
	70,  70,  70,  70,  70,  70,  70,  70,  70,  70,  70,  70,  70,  70,  70,  70,  70,  70,  70,  70,  70,  70,  70,  70,  70,  70,  70,  70,  70,  70,  70,  70,
}
